
================================================================================
SPECTRAL FIT PARAMETERS TABLE
================================================================================
Method     a0              a1              dE0             dE1             χ²/dof     Q       
--------------------------------------------------------------------------------
TRUTH      0.1320(0.0081)  6.8617(87.8541) 0.5246(0.0083)  2.4754(7.6190)  11.691     0.000   
CNN        0.2037(0.0531)  0.1000(1.4841)  0.6392(0.0486)  0.3099(5.6276)  211.947    0.000   
DTREE      0.2101(0.0470)  0.1000(18679.7115) 0.6491(0.0404)  2.3509(110636.7625) 94.648     0.000   
GBR        0.1857(0.0281)  0.1000(14194.9999) 0.6083(0.0241)  2.3917(84218.5565) 57.780     0.000   
MLP        10.0000(73359.7159) 10.0000(383901.7054) 2.5950(3200.4063) 0.4034(18844.5180) 443.605    0.000   
RIDGE      0.1873(0.0230)  0.1000(0.9361)  0.6107(0.0208)  0.3726(3.6548)  55.200     0.000   
TRANSFORMER 0.1502(0.0334)  0.5095(8.7855)  0.5555(0.0349)  1.0708(8.8861)  141.112    0.000   
