
================================================================================
SPECTRAL FIT PARAMETERS TABLE
================================================================================
Method     a0              a1              dE0             dE1             χ²/dof     Q       
--------------------------------------------------------------------------------
TRUTH      0.1000(0.0043)  0.2276(0.0092)  0.9193(0.0099)  0.2283(0.0158)  1.289      0.121   
CNN        0.1085(0.0279)  0.2525(0.0619)  0.9458(0.0595)  0.2472(0.0977)  47.235     0.000   
GBR        0.1000(0.0036)  0.2544(0.0083)  0.9169(0.0084)  0.2744(0.0133)  0.886      0.659   
MLP        0.1118(6.1209)  2.3074(144.7570) 0.6403(13.1834) 1.1624(35.0206) 433.357    0.000   
TRANSFORMER 0.1320(0.0373)  0.2723(0.0765)  1.0052(0.0694)  0.2150(0.1137)  59.921     0.000   
