
================================================================================
SPECTRAL FIT PARAMETERS TABLE
================================================================================
Method     a0              a1              dE0             dE1             χ²/dof     Q       
--------------------------------------------------------------------------------
TRUTH      0.1000(0.0043)  0.2276(0.0092)  0.9193(0.0099)  0.2283(0.0158)  1.289      0.121   
CNN        0.1000(0.0484)  0.2640(0.1038)  0.9187(0.1153)  0.2849(0.1723)  127.322    0.000   
DTREE      0.1000(0.0039)  0.2745(0.0096)  0.9202(0.0089)  0.3065(0.0146)  0.971      0.515   
GBR        0.1000(0.0036)  0.2544(0.0083)  0.9169(0.0084)  0.2744(0.0133)  0.886      0.659   
MLP        0.1118(6.1209)  2.3074(144.7570) 0.6403(13.1834) 1.1624(35.0206) 433.357    0.000   
RIDGE      0.1000(0.0036)  0.2531(0.0081)  0.9166(0.0083)  0.2718(0.0131)  0.863      0.696   
TRANSFORMER 0.1000(0.0422)  0.2602(0.0897)  0.9200(0.1009)  0.2794(0.1500)  96.340     0.000   
